-106 -209 97 50 -458 211 -248 106 -298 138 214 108 -283 -439 -280 -142 25 -366 61 85 118 -547 133 28 -211 214 -294 259 170 -112 -478 -1 -396 408 -121 3 -9 -301 -288 205 45 76 -58 -111 -41 -217 27 146 -41 577 70 -16 265 -331 453 -483 -76 82 -316 532 -75 -238 -735 -41
202 100 382 -362 66 -197 128 63 129 -44 141 -222 406 166 -484 376 -186 -279 263 -24 -34 -7 135 92 328 287 -132 -198 -193 -26 59 111 -105 -1 -327 -115 117 171 -163 253 -22 120 -121 377 196 263 89 -583 405 267 -127 -240 625 292 -108 22 -256 160 -111 -298 121 -412 -121 -209
-358 33 -528 -4 -278 528 252 175 -303 -35 75 654 -127 -419 -400 -265 -83 243 -25 35 -39 232 -204 -352 470 -83 118 -804 92 552 83 18 71 25 -88 -65 -357 -172 765 -135 -65 61 311 75 -218 -34 -223 -210 -29 135 166 252 209 210 263 272 31 60 299 169 677 -84 -105 376
-150 -215 -100 132 -41 395 47 -69 223 -102 -316 -480 -263 -157 219 283 -3 293 387 -17 323 307 135 -69 -560 -326 -84 510 -326 351 -35 540 309 56 -180 250 -43 -108 489 548 -319 453 56 -345 -689 170 233 -67 -187 -439 -563 -256 201 292 -90 -8 -89 213 54 19 -83 -90 -437 -742
-188 63 279 -321 -289 274 -253 370 -184 -5 217 -45 -37 -206 -103 646 -67 454 -597 175 -118 160 398 -353 -76 -147 -329 -109 -77 137 -232 -37 -249 -342 9 253 -16 -556 322 -377 -90 -76 260 167 227 -315 -53 201 -116 106 344 419 -188 -714 -296 443 -123 257 171 41 122 -149 22 381
-365 -38 145 -59 110 400 477 337 -291 -5 -208 -247 -927 -549 -212 -342 -249 -417 5 99 -182 -196 -311 -698 532 25 -979 102 -53 -303 -128 -461 248 -111 -54 61 178 57 -70 -91 -413 570 -66 -176 122 -290 68 -537 -153 574 639 244 -612 -24 73 164 406 76 60 -151 -405 -254 -253 273
36 -415 81 136 -49 -160 -733 -264 214 255 72 333 203 299 183 -464 343 -463 383 -132 -212 102 -228 -232 -4 51 101 -89 554 -864 -142 260 900 -157 -404 16 -141 -446 128 393 0 153 -98 -40 -105 -143 552 382 101 -66 182 245 85 -666 -326 -444 318 484 -103 169 385 -257 -80 -220
262 105 546 190 75 20 324 396 12 16 395 276 -237 26 300 -177 -217 120 48 -31 -749 233 -140 -287 94 -36 -76 151 -79 -150 88 -266 -102 -327 167 -235 363 101 -545 33 521 -246 -8 -56 319 210 -201 118 149 420 451 -450 203 174 -80 -46 277 22 444 465 84 -65 -407 -220
-524 401 73 408 314 580 -17 -116 -397 -347 -114 -301 532 -692 289 374 -107 88 25 -84 -109 35 -190 -311 264 409 -181 417 22 412 -195 211 16 -212 97 174 52 -58 299 223 -189 -117 273 -311 -438 -250 -437 -138 -540 -6 -480 -212 6 473 9 -283 268 217 -45 18 -71 -443 -86 -429
37 -132 323 -177 54 176 -141 134 74 -323 38 282 -429 214 21 175 89 -310 221 -679 162 -358 -797 489 475 -214 37 -394 -232 -90 -320 -561 -34 129 -362 -268 263 -455 -138 -411 -369 256 -4 236 194 615 -189 -18 126 -524 603 186 -207 54 145 426 -213 -391 133 358 442 -373 -501 243
-242 55 -565 491 209 -11 462 -393 149 -324 465 -376 294 -101 61 -390 167 410 654 -470 -153 334 -591 -57 -174 537 268 323 310 -410 160 322 182 305 313 30 -54 -216 596 -107 -11 2 37 -603 -406 -535 305 165 130 277 346 401 -644 -118 -72 250 -73 225 -7 -49 0 -3 156 -26
190 -590 243 -487 570 196 -87 184 629 -175 -131 202 415 -38 -7 -255 -85 -73 -163 32 -53 496 101 141 -398 -405 343 -336 184 -288 154 -710 -314 235 135 509 121 5 -42 -10 -98 155 112 -364 -46 106 -10 533 19 269 280 -192 75 -250 -177 138 -153 -157 -347 -29 227 112 432 251
115 192 -5 -4 163 -363 -139 -109 232 192 111 39 349 566 262 441 35 -342 176 -36 -517 137 3 444 -80 -57 28 -83 209 -232 21 -133 -230 97 3 476 -131 873 -96 -264 -37 83 -405 -280 130 -287 -3 -211 -305 -82 61 -170 -180 179 -257 -88 60 -20 -305 -125 -484 52 388 -154
147 188 -110 -64 -6 143 318 -9 263 -77 228 -554 -294 -113 97 54 -5 80 206 -46 -215 143 230 -21 547 -30 380 -355 165 406 -5 143 43 -44 50 110 126 120 25 49 -441 17 -26 -579 310 -606 -253 -32 546 161 325 324 366 -75 84 -74 -16 348 283 -54 -1 -43 -767 -358
98 255 201 -107 -56 -528 -673 146 637 -402 288 -161 100 207 -38 22 -75 -373 -203 254 91 -246 205 617 20 818 304 -562 50 335 -13 168 -203 -190 -143 -83 -6 229 -256 -682 499 -112 194 379 328 471 -286 101 -65 -529 197 70 125 116 -247 -16 -172 -310 222 356 146 523 382 -404
187 -78 -354 -457 -21 -277 194 53 -88 -24 -165 -193 26 11 -740 438 40 229 216 -737 56 157 -7 526 835 -68 165 -424 239 -57 -15 65 -106 -71 161 236 263 -63 5 99 -495 18 -416 336 407 241 -15 -104 71 -148 -383 240 -27 -34 -364 -44 58 -209 -281 -116 419 -275 -119 -62
-146 311 -491 -64 186 -25 -198 -111 -210 306 123 291 287 208 208 24 199 413 -270 252 444 -119 273 1 -481 -114 429 -158 -320 -124 -397 -125 -104 -207 -247 -205 -343 140 51 682 47 -66 -148 -360 -156 99 -270 -178 181 157 -199 -141 259 224 167 59 -383 -407 476 494 -430 309 480 -423
43 588 193 18 24 -180 -192 144 -54 -115 -42 -152 -331 -58 73 256 -456 326 -255 7 -607 80 113 296 601 108 -170 -53 -33 280 289 -199 -30 -281 116 391 279 233 -373 158 -266 -136 -95 91 342 387 -138 -51 280 421 144 151 -225 -60 -175 112 148 -120 164 -589 412 90 -96 125
137 156 -46 69 -272 -93 653 -392 242 574 -204 436 -351 82 279 259 269 135 10 -217 -276 420 -189 228 451 -226 272 -16 -144 324 336 72 -196 214 31 28 397 231 281 14 -141 210 -67 -20 40 -45 -558 -38 123 442 -452 -214 307 109 -106 87 138 151 330 -146 306 -228 -17 203
-62 199 452 -165 198 109 57 -695 329 41 -403 -219 93 -119 252 -104 -166 -241 -378 117 164 -137 94 48 346 -130 -438 228 22 -65 -381 -14 -41 -352 280 -169 49 453 181 -116 -464 767 -51 40 191 308 -68 -32 376 -79 -68 -488 141 25 60 299 -156 151 -233 5 -90 -192 -252 330
-359 416 193 -166 288 -180 390 566 -60 401 -395 -23 6 -137 -645 172 510 102 -135 228 -222 -69 353 115 671 -567 -3 21 419 -310 -514 255 -190 -78 -363 353 28 325 32 -28 -63 -49 406 -476 389 -28 302 239 343 29 21 -318 102 85 -541 -487 334 -44 -50 -188 52 -444 -489 -258
-18 -368 50 206 -170 46 -91 3 -271 80 -220 -106 -201 284 167 -257 -151 -304 -150 -417 -110 389 -149 -63 -46 -134 -706 -227 -91 19 249 605 461 -259 -12 227 -516 289 130 -43 145 41 -71 -167 92 44 488 -294 182 -384 2 184 144 -231 -197 -3 155 30 -172 -325 -131 223 342 235
185 258 766 -34 -598 -588 -57 -49 -56 533 21 -65 -262 255 100 -265 -449 208 14 281 -509 -175 -44 -64 131 -180 -238 57 240 -62 188 -160 -102 -292 -9 -185 -47 576 -390 -223 314 -197 -647 -28 -97 -39 -98 -37 -118 537 -25 -225 416 79 496 -240 546 -144 -199 -249 36 -222 -320 190
89 -34 -389 -216 349 -307 -204 25 200 -138 -73 -90 -509 60 212 312 -65 280 349 -191 -211 -117 -164 608 -389 624 27 -236 -56 317 27 206 -67 680 90 285 49 -99 476 -826 -2 -24 176 306 -47 -362 -138 -40 -365 -133 274 649 72 12 -164 116 -147 158 -239 498 -140 413 139 224
-128 -60 221 -417 68 182 -135 75 17 276 408 118 -115 134 -56 -319 -143 -389 70 -320 142 -283 -213 -275 411 81 219 61 473 64 89 252 240 61 -167 -152 173 -9 -219 -73 -358 -100 259 -70 -651 127 8 -331 63 -87 156 -116 -22 315 549 -401 -281 -116 93 10 280 -103 91 -35
-288 322 -178 -140 213 -295 -25 -25 94 322 -416 -359 -372 -473 485 247 349 -75 -444 -209 298 471 58 -105 47 -251 -38 300 -131 -96 -101 230 -513 -77 528 -307 391 312 57 -193 -312 51 470 201 -43 265 -375 226 67 -45 221 253 -196 517 -216 154 -242 -121 316 -220 -19 -133 -14 -99
545 -397 -2 -250 244 -286 -79 444 564 -454 -481 194 432 287 -442 -157 -337 290 -17 -159 487 125 282 -300 -696 97 73 -41 -434 -332 62 -222 -360 71 237 -14 313 -375 -151 123 324 -255 37 32 314 59 130 -20 532 -281 169 -103 180 -218 206 283 -36 -516 62 186 -165 -63 83 98
-189 350 236 -143 570 606 147 56 13 145 -236 -16 -68 90 135 -197 58 -490 -467 -95 16 775 -222 -198 -71 310 -588 224 194 -68 -142 166 449 -12 -128 533 -85 124 -23 -476 45 173 245 -426 51 -546 286 95 -441 -179 146 -228 -221 -306 -324 -469 132 233 -156 -505 -175 129 -48 -191
406 813 183 181 145 -20 -85 455 -337 335 -193 246 -832 237 -194 -254 -283 372 -280 20 -272 113 -420 -399 618 -152 297 -323 -203 -237 225 256 -130 -217 -188 -263 -21 -100 -165 241 -494 30 0 329 -54 -171 71 -360 -244 -197 166 -298 147 272 -24 265 -106 -376 257 -883 -258 -516 129 -229
-359 462 -228 -183 186 75 -66 -59 299 141 315 377 -5 23 -139 198 28 378 182 -177 -230 -82 -56 54 -497 -116 124 -330 88 424 -37 -309 -281 81 -108 187 -495 424 304 3 247 -30 -210 91 -168 234 247 241 219 -46 148 -360 542 116 462 -284 -242 -73 47 422 398 241 75 -510
-359 328 -23 140 72 270 -164 339 -119 -231 366 528 -578 306 330 27 -181 -116 156 359 -287 -507 44 42 -340 201 -364 116 -368 175 -6 330 301 -35 81 -192 232 205 -6 -71 -21 302 180 -265 212 21 283 -99 -331 308 219 334 -201 43 147 -94 47 172 -137 -268 -68 -367 374 -227
21 -218 24 -264 151 121 191 177 -179 -187 297 54 123 -84 -90 240 -201 316 -185 -610 1 -138 -276 6 -30 -383 -103 132 69 -129 -356 -124 -307 -379 334 335 -149 -302 -1 7 180 -97 204 63 -302 -17 124 -39 296 -359 548 191 33 315 117 131 -313 -30 -298 -138 410 31 -597 179
